31984240
38472824
91219716
10039616
40438938
60083762
17382114
51253239
47392853
31028600
79133772
53137521
57377327
78254398
95388405
37266705
68944854
52268979
96012746
27979320
28092292
80524854
69686141
83341626
23971641
92883579
36675399
46256077
59743947
45867629
65266927
43590563
77685785
45606148
59787830
60121213
76853534
13780473
86868359
85543735
11571797
81615137
15124889
41940554
28416771
81210662
68353946
46010606
10350699
74004874
86517660
84977359
50760051
73232859
36452770
96284207
99968085
57113443
91746293
26802069
42483138
94067865
65305663
13226307
78966309
51441047
75188903
17623381
34718400
99794594
10600116
91714243
41756586
87610793
12641793
36193434
42689753
63041481
59720496
52332997
46477308
17999854
82983690
66562293
72430853
47467535
52476083
43726001
36465407
49840316
38659188
51823414
73242117
63111013
90770658
94501092
90379154
64990690
41621069
46471359
22395568
27460752
12270736
65574484
80898875
15404491
59303809
71418269
24095246
51898163
27253816
23245934
71815159
72755738
75203749
86442336
30986319
94065147
42306602
17297022
30704152
46817339
86852436
59824129
67710401
49991447
78823841
26801209
51697276
39269219
22882055
20311136
73761900
52296178
35526084
53735935
73322924
50759169
57509503
66873437
45820549
69747906
95953371
10774653
14583012
51345696
98772416
24061510
87362520
38306073
79502759
12571951
36009193
68351630
38856344
76174555
35342886
74595711
84466258
39733445
49025159
68182526
72340826
52251480
17323136
87183338
97159898
72373464
47795223
53988830
99570809
27302722
34195500
81532449
77198500
36060321
56416869
98127814
42381639
